image: katk_29_05_2023.pgm
resolution: 0.050000
origin: [-7.215992, -13.479603, 0.000000]
negate: 0
occupied_thresh: 0.65
free_thresh: 0.196

