image: grit_1.pgm
resolution: 0.050000
origin: [-13.313419, -14.406021, 0.000000]
negate: 0
occupied_thresh: 0.65
free_thresh: 0.196

